0 0.876454 0 469 531 1649
0 0.68747 943 902 1200 1778
1 0.23583 941 905 1197 1777
1 0.116338 41 568 552 1624
1 0.0123615 0 503 398 1645
0 0.0110904 0 464 313 1572
0 0.00656508 0 516 172 1633
0 0.00619332 1096 903 1200 1776
0 0.0046373 543 3 696 202
0 0.00341994 1 1349 255 1800
0 0.0029516 0 1289 78 1741
1 0.00263313 0 516 172 1633
1 0.0024683 1100 830 1199 1789
0 0.00242564 805 858 1190 1754
0 0.00176689 217 450 546 1575
0 0.0014809 0 1367 53 1573
0 0.00126165 0 1017 82 1729
0 0.0012389 1107 760 1200 1533
