0 0.679844 242 0 319 235
0 0.622677 9 3 215 239
0 0.476062 193 20 252 216
0 0.467962 89 2 210 237
0 0.186799 193 2 275 239
0 0.137049 206 2 311 221
0 0.101875 132 15 267 239
0 0.0925946 169 59 258 238
0 0.0356919 248 0 315 165
1 0.0286834 100 0 209 160
0 0.0265816 87 5 195 158
1 0.026552 235 213 261 240
1 0.0180097 203 201 258 240
0 0.010939 122 0 209 157
1 0.00655175 239 0 314 224
1 0.00566639 212 213 261 239
1 0.00553014 238 207 268 239
1 0.00476959 202 0 319 240
0 0.00391455 254 58 326 237
0 0.00339746 15 109 211 240
0 0.00321943 194 48 249 176
1 0.00259313 226 202 264 240
1 0.00199366 263 2 315 163
1 0.00198405 94 13 270 240
0 0.00196653 260 0 333 216
1 0.0018274 186 20 257 240
0 0.001602 69 45 250 237
1 0.00146565 9 3 215 239
1 0.00142597 226 218 258 240
0 0.00138492 110 64 287 238
0 0.0012945 136 18 212 209
1 0.00126739 194 212 254 238
