1 0.940486 76 51 116 144
0 0.0953996 0 129 12 173
0 0.0316947 0 127 13 205
1 0.0227158 0 131 13 195
0 0.0103188 0 142 11 171
1 0.0080555 0 129 14 230
0 0.00722663 0 127 9 165
0 0.00654762 0 125 16 191
0 0.00570404 0 106 11 177
0 0.00483547 0 130 16 229
1 0.00421297 0 141 12 177
0 0.00284588 0 145 13 185
1 0.00276899 0 127 12 168
0 0.00231095 76 50 117 145
0 0.00198207 0 148 11 165
1 0.00184598 0 144 16 185
1 0.00167015 0 147 10 184
0 0.00137065 1 113 74 229
1 0.00132992 13 171 72 229
1 0.00108383 0 144 10 169
