0 0.92514 305 64 326 126
0 0.920195 265 65 285 122
0 0.891644 288 69 309 130
0 0.815081 155 95 185 129
0 0.641273 82 116 184 206
0 0.542721 294 66 323 129
0 0.47759 134 120 271 232
0 0.287248 268 68 306 126
1 0.152035 155 96 187 129
0 0.109311 82 115 257 218
0 0.00574822 117 150 241 224
1 0.00529283 265 65 285 123
1 0.00515216 288 70 309 131
1 0.00385377 139 121 270 233
1 0.003561 162 101 183 128
0 0.00337945 159 101 181 128
1 0.0031026 294 66 323 129
0 0.00303184 266 81 284 107
0 0.00293472 289 68 303 92
0 0.00264455 108 116 169 203
1 0.00250544 304 64 327 126
1 0.00247944 159 102 201 130
0 0.00181574 153 93 203 129
0 0.00179464 277 63 339 132
0 0.00179352 105 112 226 198
0 0.0017293 268 66 284 91
1 0.00156621 268 68 306 126
0 0.001511 212 120 271 226
0 0.00120748 305 81 324 107
0 0.00107749 148 93 179 128
