1 0.576907 100 59 183 226
0 0.335194 117 0 278 237
1 0.204267 98 1 203 233
0 0.198033 156 0 341 236
0 0.158313 79 4 210 222
0 0.0915617 199 0 318 217
0 0.0235943 110 3 185 225
1 0.0165414 117 0 278 237
1 0.00984352 155 28 189 191
0 0.00971594 179 9 290 235
1 0.00944414 131 9 211 225
0 0.00941286 143 12 200 192
0 0.00737588 185 1 205 49
0 0.00710173 122 12 217 234
1 0.00620924 143 12 200 192
0 0.00425841 0 1 14 47
1 0.00357178 104 131 179 230
0 0.00198329 102 72 180 231
0 0.00193247 155 28 189 191
0 0.00147956 12 0 198 225
1 0.00123973 199 0 318 217
0 0.00115555 130 0 230 173
1 0.00114412 0 1 14 47
