0 0.882942 114 33 178 226
0 0.875436 158 48 210 220
0 0.82428 194 32 279 226
0 0.799567 78 46 136 228
0 0.597619 189 40 247 225
0 0.557813 224 45 278 227
1 0.129571 78 49 132 227
0 0.0989381 175 35 233 227
0 0.0967749 192 67 232 227
0 0.0511684 137 50 203 228
0 0.0145249 197 46 243 174
1 0.010923 84 37 177 208
0 0.0106095 210 26 280 181
0 0.00638129 237 102 278 231
0 0.00602198 158 43 212 155
0 0.00545666 164 157 192 221
0 0.00544117 193 107 223 227
1 0.00424914 196 48 244 225
0 0.00424812 166 52 213 127
1 0.00349521 159 49 210 225
0 0.00325723 213 125 239 226
0 0.00272053 68 45 116 236
0 0.0021994 79 22 184 178
0 0.00203813 174 38 223 178
0 0.00195462 80 101 129 230
1 0.0018236 76 41 138 164
1 0.00158237 194 32 279 226
0 0.00119592 201 108 239 228
0 0.00100789 120 80 162 229
