0 0.514692 29 59 111 179
1 0.425268 64 87 126 186
0 0.145087 59 65 128 182
1 0.112131 27 74 110 181
0 0.0404271 10 55 112 144
1 0.0294558 33 55 135 172
0 0.0100195 77 87 129 184
1 0.00952381 39 49 103 163
0 0.00684373 24 76 87 181
0 0.00476607 50 54 111 149
0 0.00337241 50 53 156 172
0 0.00321506 7 72 73 176
1 0.00318516 85 89 135 183
1 0.00301954 149 8 159 85
0 0.00222368 149 8 159 85
1 0.0021786 65 91 108 177
0 0.00153664 149 40 159 104
0 0.00142376 80 61 142 189
0 0.00120012 93 106 128 183
0 0.00115206 32 54 109 118
