0 0.939168 93 115 141 182
0 0.841469 190 109 299 189
1 0.155533 188 124 294 188
1 0.0944998 181 127 268 175
0 0.0716012 159 125 225 169
1 0.0620368 159 125 225 169
1 0.0399608 182 127 228 168
0 0.0176186 233 107 298 190
1 0.0141643 147 127 209 172
0 0.0118286 172 126 272 180
1 0.00653343 159 133 270 186
0 0.0052984 321 68 341 87
1 0.00468339 167 132 215 174
0 0.00444652 338 72 350 103
0 0.00286336 220 109 281 189
1 0.00218438 92 115 140 182
0 0.00141323 319 69 336 85
0 0.00136107 323 72 339 85
0 0.00130171 128 123 223 175
0 0.00117773 0 0 82 163
