1 0.827014 70 48 148 150
0 0.806299 69 104 145 230
1 0.19889 70 108 126 233
1 0.0906451 83 46 180 147
0 0.0589626 162 202 239 329
1 0.0541054 162 202 239 329
1 0.0417439 161 246 240 351
0 0.0102727 162 241 239 358
0 0.00900483 83 46 180 147
0 0.00898601 65 102 118 230
1 0.00760274 71 88 142 219
1 0.00638885 43 57 142 163
0 0.00473851 59 58 145 203
0 0.00236959 183 108 231 156
1 0.00185697 71 111 153 248
1 0.00184468 201 280 238 317
0 0.00177913 69 98 143 184
0 0.00169121 48 96 149 283
1 0.00132396 172 271 239 315
1 0.00116941 48 63 133 218
0 0.0011498 71 47 147 150
1 0.00114579 165 281 239 360
1 0.00106601 67 86 144 169
1 0.00104864 146 150 238 325
