1 0.641003 168 104 324 253
1 0.46012 412 74 491 117
0 0.334564 166 114 322 251
0 0.111957 315 299 356 348
1 0.031551 317 289 357 349
0 0.0149723 312 316 349 345
0 0.0135708 164 131 329 316
1 0.0104249 318 286 356 329
1 0.00714525 256 24 291 59
1 0.00607967 167 59 323 220
1 0.00498016 164 131 329 316
0 0.0043455 318 288 356 330
1 0.00368382 315 309 354 347
0 0.00318761 256 24 291 59
0 0.00259247 167 59 323 220
0 0.00217708 412 74 491 117
1 0.00201444 207 360 262 360
0 0.00198011 317 317 356 352
0 0.00196417 315 313 341 341
1 0.00179104 221 360 275 360
1 0.00167911 361 47 391 74
1 0.00166655 515 64 538 95
1 0.0015824 414 64 538 119
1 0.00154442 288 360 344 360
0 0.00148533 288 360 344 360
1 0.00129893 167 360 244 360
1 0.00125451 188 360 254 360
1 0.00116183 231 360 290 360
1 0.00112857 515 61 537 142
