0 0.821259 372 52 474 351
0 0.162115 443 207 482 266
1 0.102159 444 202 480 265
0 0.075689 372 61 463 258
1 0.0397999 372 55 464 267
0 0.0117332 437 70 486 349
0 0.0103349 444 217 470 266
1 0.00700015 374 38 473 360
0 0.0059723 165 68 202 133
0 0.00458354 359 39 442 337
0 0.00311472 198 65 270 149
1 0.00296604 487 1 538 52
1 0.00209506 358 39 374 63
0 0.00176157 358 39 374 63
0 0.00156095 382 57 496 282
0 0.00147249 400 153 499 296
0 0.00130779 180 59 274 167
1 0.00123966 266 28 280 43
1 0.00118574 165 68 202 133
1 0.00105387 437 70 486 349
1 0.00100879 253 70 265 88
