1 0.823994 5 88 216 270
0 0.661007 234 125 362 275
0 0.617001 389 141 540 249
1 0.385814 388 141 539 253
1 0.314945 302 113 463 269
1 0.266172 234 125 363 273
0 0.244849 305 115 526 358
0 0.121156 304 113 465 271
0 0.0590911 327 126 540 278
0 0.0290333 8 89 221 270
1 0.0124154 0 96 163 243
1 0.0100422 318 128 539 260
0 0.00680834 258 116 473 343
1 0.00540719 54 95 250 300
0 0.00529815 54 95 250 300
1 0.00362661 109 95 228 280
1 0.00317674 65 94 234 238
1 0.00283931 311 114 410 264
0 0.00251899 379 153 540 324
0 0.00243199 329 360 412 360
0 0.00181009 121 12 284 117
1 0.00172041 133 100 217 250
1 0.00165762 230 0 389 105
1 0.0013054 305 115 526 358
1 0.00125819 159 360 229 360
0 0.00112607 119 104 311 322
0 0.00110823 189 124 345 258
