1 0.950467 76 417 323 646
0 0.904594 407 243 498 326
1 0.135531 132 184 154 232
1 0.0174043 409 242 498 326
0 0.0103376 0 198 16 257
0 0.00916201 74 420 326 645
1 0.00627629 0 198 16 257
0 0.00522746 433 243 518 327
0 0.00519914 141 714 252 797
0 0.00385806 0 156 13 253
1 0.00334276 0 124 17 252
0 0.00319489 0 200 17 307
0 0.00289267 0 116 16 248
1 0.00283375 0 156 13 253
1 0.00281659 0 32 19 256
0 0.00257321 0 194 14 245
1 0.00208295 0 200 17 307
1 0.00172307 0 194 14 245
0 0.00167767 0 171 20 259
0 0.00161261 0 32 19 256
1 0.00154765 1 201 11 249
0 0.00153571 423 795 513 800
0 0.0013948 1 201 11 249
0 0.00123529 406 732 508 800
0 0.00117661 306 3 367 118
