1 0.878179 340 243 466 376
0 0.718857 387 208 451 299
1 0.462765 348 240 440 305
1 0.38184 349 218 458 327
0 0.282943 348 216 461 358
0 0.159513 351 237 438 304
1 0.07683 370 208 451 301
0 0.0506 348 213 455 301
1 0.00560691 57 268 226 390
1 0.0055854 349 244 409 303
0 0.00409599 169 142 186 192
0 0.00379215 238 141 259 163
1 0.00295453 169 142 186 192
1 0.0027003 350 228 426 293
0 0.00175637 404 224 447 280
1 0.00162196 363 248 431 324
0 0.00127054 565 37 612 137
1 0.00123777 379 244 421 297
0 0.00114491 384 211 461 342
1 0.00109712 369 248 411 301
1 0.00108704 341 252 446 339
