0 0.789715 273 115 433 372
0 0.757414 211 119 323 387
0 0.461154 209 122 299 309
0 0.0511769 329 125 444 371
0 0.0345953 236 122 359 374
0 0.00606549 266 120 436 217
0 0.00562624 251 113 383 320
1 0.00396159 211 121 327 394
0 0.00329133 211 125 283 241
1 0.00319771 0 353 83 408
0 0.0026812 224 120 325 285
0 0.00266714 194 130 285 374
1 0.00260398 0 372 69 407
0 0.00229374 283 134 380 359
1 0.00226046 212 120 304 314
0 0.00187097 242 1 383 98
0 0.0012643 294 133 436 300
1 0.0011382 281 115 435 371
0 0.00108911 212 4 416 134
