0 0.75256 501 403 677 490
0 0.569216 572 732 619 844
0 0.317995 233 392 471 485
1 0.171287 502 405 677 488
1 0.114577 233 392 471 485
1 0.00704797 884 249 909 318
1 0.00396321 734 96 751 129
0 0.00234405 498 406 675 555
1 0.00226644 876 245 903 314
1 0.00217257 573 731 619 843
0 0.00208494 478 367 629 404
0 0.00187656 560 733 605 845
1 0.00180301 105 387 471 502
0 0.00178698 105 387 471 502
0 0.00160271 326 399 472 479
1 0.00146138 807 102 823 131
0 0.00132208 494 375 679 472
1 0.00128649 868 241 896 317
0 0.00109309 879 249 905 317
0 0.00104403 72 207 254 367
