1 0.939013 166 190 406 328
1 0.905913 0 243 119 379
0 0.765353 382 8 486 185
1 0.215409 576 134 625 266
1 0.207634 245 105 338 235
0 0.207224 576 130 626 272
1 0.0673862 577 119 626 339
0 0.0322663 0 243 119 379
0 0.0269499 576 115 625 370
1 0.0136233 382 12 486 191
1 0.00681197 600 137 626 244
1 0.00561026 170 104 355 276
0 0.00493851 598 139 625 248
0 0.0033269 465 3 625 170
0 0.00228941 573 35 625 272
0 0.00134752 169 188 405 327
1 0.0012761 573 35 625 272
1 0.00120585 594 97 626 257
0 0.0011347 576 165 625 318
1 0.00110217 17 1 121 66
