0 0.888614 1 43 152 431
0 0.63891 146 47 302 426
0 0.421784 156 42 415 432
0 0.228265 263 49 417 431
0 0.0733494 80 48 259 437
0 0.0166056 328 22 417 431
0 0.00435487 0 56 65 426
0 0.00335711 0 57 92 435
0 0.0023893 0 40 30 417
1 0.00173628 562 142 575 169
0 0.00170593 27 60 201 439
1 0.00167088 6 437 21 457
1 0.00166098 292 45 413 437
0 0.00158957 180 37 380 339
1 0.00147296 36 467 104 467
1 0.00137285 234 13 419 386
1 0.00133255 170 53 389 426
1 0.00119245 38 431 56 459
0 0.00107049 354 25 496 428
