0 0.859125 164 142 212 280
1 0.269119 508 62 517 79
0 0.144868 103 158 134 256
0 0.144358 367 159 396 242
1 0.0708438 164 141 212 280
0 0.00962326 508 62 517 79
1 0.00907913 510 64 521 78
1 0.00355114 432 72 443 89
0 0.00306568 448 63 487 85
0 0.00288347 509 62 522 80
0 0.00240704 434 71 443 89
1 0.00221862 496 58 513 80
0 0.00221545 432 66 444 89
0 0.00199011 184 140 221 276
1 0.00196969 512 60 526 78
0 0.00189043 138 141 232 283
0 0.00188013 455 56 519 83
0 0.00186718 103 155 133 220
0 0.00160857 369 169 395 216
1 0.00140213 432 66 444 89
0 0.00134506 502 134 546 228
1 0.00130894 67 387 125 408
0 0.00123931 496 58 513 80
1 0.00118328 157 280 209 302
0 0.00118076 337 94 427 261
1 0.00107888 504 63 525 80
0 0.00106954 579 59 612 363
1 0.00100418 579 59 612 363
0 0.001002 434 64 453 87
