0 0.911487 41 97 149 202
0 0.89301 263 121 326 222
0 0.829199 155 96 251 201
0 0.205238 344 92 531 260
1 0.109984 344 92 531 262
1 0.0397001 251 91 548 400
1 0.0203926 121 144 502 390
0 0.0194424 164 97 260 169
0 0.00638765 38 97 130 169
1 0.00616799 332 92 540 352
1 0.00505973 264 121 326 223
0 0.00364465 332 92 540 352
0 0.00260677 249 120 353 227
0 0.00186522 137 99 233 166
0 0.00174436 160 90 283 185
0 0.00166907 157 102 298 220
1 0.00147865 154 96 251 207
0 0.00139443 42 90 148 151
0 0.0013488 0 0 57 172
1 0.00129985 41 98 150 203
0 0.00108471 77 97 153 165
