1 0.405893 10 242 250 396
1 0.339208 213 279 611 411
1 0.214856 119 245 515 417
1 0.184923 10 266 354 429
1 0.173452 3 244 368 359
1 0.0700581 95 246 341 343
1 0.0248885 128 247 242 329
1 0.0145784 10 307 267 441
0 0.00685678 225 288 601 407
1 0.00550843 244 59 612 393
1 0.00388994 37 229 443 439
1 0.00329366 201 183 612 424
0 0.00264774 540 0 606 0
1 0.00255197 77 248 249 340
0 0.00169764 114 243 520 419
1 0.00158781 92 243 457 352
1 0.00124745 12 349 342 442
1 0.00117015 102 9 139 23
0 0.00108145 28 246 351 351
0 0.00106959 470 0 538 0
