0 0.918007 268 43 420 192
0 0.813308 92 137 224 309
1 0.764618 287 141 374 280
1 0.485435 213 137 303 286
0 0.19182 93 136 206 250
1 0.132104 214 135 284 249
0 0.0809875 214 138 288 261
0 0.0333298 221 135 304 292
1 0.0107304 173 136 277 246
1 0.00902475 284 141 408 249
0 0.00850009 170 136 277 245
1 0.00473422 271 42 412 231
0 0.00401223 262 58 386 243
0 0.0036579 287 141 372 289
0 0.0028014 145 139 228 252
1 0.0018977 217 169 308 326
0 0.00121688 0 85 56 398
1 0.00108443 296 140 407 329
1 0.00103343 0 83 32 397
