0 0.788469 197 0 360 237
0 0.442246 296 2 467 98
1 0.293834 311 21 392 140
0 0.262063 8 131 56 197
0 0.213434 289 25 414 131
0 0.200842 311 21 392 140
0 0.130495 232 2 447 137
1 0.126599 289 25 414 131
0 0.0726089 193 0 469 102
1 0.0314583 232 2 447 137
1 0.0252688 191 1 339 237
0 0.0126861 218 0 404 188
1 0.0105172 296 2 467 98
0 0.00735293 189 1 381 153
0 0.00640475 284 7 397 212
1 0.00622298 280 6 397 215
0 0.00352 308 17 459 128
0 0.00337725 53 262 103 310
0 0.00239192 130 8 203 92
0 0.00159513 223 6 328 222
0 0.00159463 17 139 52 187
