0 0.72086 260 138 376 235
0 0.545812 101 166 268 366
0 0.486221 201 151 292 359
0 0.474963 25 106 167 394
0 0.386716 206 148 295 261
0 0.375614 153 157 286 362
0 0.214271 44 155 219 382
0 0.213087 221 141 357 239
1 0.0501737 97 165 233 373
1 0.0494803 198 152 291 361
1 0.0430731 140 161 284 363
0 0.0361055 221 144 306 241
0 0.0206705 99 163 207 355
1 0.0144096 217 142 347 239
1 0.0118185 44 155 219 382
1 0.0116774 260 136 371 236
0 0.008746 243 146 292 232
0 0.00579786 183 150 289 292
0 0.00571952 22 160 229 496
0 0.0043492 203 150 273 236
1 0.00425673 206 148 295 261
0 0.00394742 102 163 218 289
0 0.00235349 205 141 324 293
0 0.00196184 74 117 208 336
0 0.00179675 32 175 197 334
0 0.00143958 214 142 385 288
0 0.00135267 220 152 280 249
1 0.00123985 21 118 157 392
0 0.00119599 288 156 398 235
0 0.0011143 146 161 241 330
1 0.00110367 170 307 260 529
1 0.00101733 100 159 204 326
