1 0.888112 201 147 451 343
1 0.808182 0 74 227 402
0 0.199896 304 5 611 315
1 0.049138 33 189 232 406
0 0.0323956 410 0 611 342
1 0.0215932 2 71 141 401
0 0.013657 199 90 599 347
0 0.00687457 8 73 228 394
0 0.00527563 236 17 589 251
1 0.00388025 199 90 599 347
0 0.00235966 576 120 611 332
0 0.00182427 565 52 611 334
1 0.00173118 265 10 612 304
0 0.0015545 423 1 502 75
1 0.00155225 0 72 88 394
0 0.00140618 415 16 607 239
1 0.00135168 573 60 612 357
0 0.00125711 549 0 611 336
0 0.00102249 201 148 456 340
