1 0.886837 279 32 426 305
1 0.044624 221 100 235 130
0 0.0388809 283 32 426 309
1 0.0312329 508 97 530 131
1 0.0306176 187 73 199 101
1 0.0116317 240 46 255 67
1 0.00744641 171 280 184 327
1 0.00557624 221 129 235 148
1 0.00518075 239 98 259 133
1 0.00448146 221 100 245 130
1 0.00331421 122 9 148 39
0 0.00287771 311 42 462 332
1 0.00240069 189 69 203 100
1 0.00238211 128 14 151 43
0 0.00235473 260 40 378 322
1 0.00213838 140 10 159 36
1 0.00208287 240 98 254 126
0 0.00205521 187 73 199 101
1 0.00204224 157 16 174 42
1 0.00200252 154 6 172 30
0 0.00188979 208 65 234 105
1 0.00171517 241 52 267 81
0 0.00170183 247 53 270 85
1 0.0016879 115 19 133 42
0 0.00161847 274 44 344 295
1 0.00156289 237 48 251 78
1 0.00156155 311 42 462 332
1 0.00144581 241 46 258 76
1 0.00137308 260 40 378 322
1 0.00133402 227 100 240 126
1 0.00127218 162 19 180 45
1 0.00116947 154 13 170 34
1 0.00104443 234 56 247 80
1 0.00104305 509 20 538 56
1 0.00102276 274 44 344 295
1 0.00102271 226 56 243 80
