1 0.95039 297 236 412 373
0 0.92517 401 171 525 371
1 0.90335 233 254 314 364
0 0.879191 95 175 255 374
1 0.0952754 399 170 524 375
1 0.0758854 95 175 255 374
1 0.0158784 541 50 563 82
1 0.00926166 560 49 596 74
1 0.00602899 440 55 467 90
1 0.00263499 560 25 576 44
1 0.00247584 471 31 485 52
1 0.00243176 559 51 585 72
0 0.0023075 297 236 411 372
0 0.00228073 441 60 467 98
0 0.0019561 232 253 314 364
1 0.00148217 437 62 465 100
1 0.00146177 234 245 365 363
1 0.00113543 355 8 408 58
1 0.00111425 512 28 555 75
