0 0.875465 24 34 202 408
0 0.781522 363 75 496 406
0 0.749007 137 65 269 408
0 0.747924 237 118 404 405
0 0.552288 458 76 569 401
0 0.357533 394 66 579 407
0 0.31328 309 97 407 401
0 0.175203 311 104 396 295
0 0.11529 501 65 612 408
0 0.0522171 361 77 459 321
1 0.0470568 135 76 267 407
0 0.0455215 310 109 381 233
0 0.0241437 78 39 251 407
0 0.0211629 314 81 468 354
0 0.0165739 171 80 330 402
0 0.0147385 181 50 282 375
0 0.0144863 0 54 147 408
0 0.0130375 246 105 376 298
1 0.0127426 241 113 404 408
0 0.0114177 300 73 378 349
1 0.00868591 312 100 404 397
0 0.00751042 436 32 612 377
0 0.00723941 363 84 448 246
1 0.00593522 28 24 178 408
0 0.0056439 191 79 275 294
0 0.00473797 305 103 417 239
1 0.00471394 312 111 397 286
1 0.00420284 190 83 373 388
0 0.0037397 216 72 361 394
0 0.00344364 411 84 460 227
1 0.0033081 187 73 277 327
0 0.00310345 423 108 448 148
1 0.00273721 246 105 376 298
0 0.00250618 346 93 436 302
0 0.00235261 591 76 612 408
0 0.00226293 209 45 361 287
0 0.00216153 538 68 611 408
0 0.00214893 418 97 448 163
1 0.00193186 591 76 612 408
0 0.00179598 386 73 483 262
1 0.00171402 300 73 378 349
0 0.0017109 203 76 269 242
1 0.0016817 429 79 573 397
0 0.00139282 0 40 99 405
0 0.00121658 329 101 458 264
0 0.00113543 308 112 377 187
1 0.00112748 370 74 521 405
1 0.00106022 219 121 358 268
