1 0.912745 11 120 103 408
1 0.912486 425 191 533 408
1 0.84145 211 163 352 408
0 0.789744 267 134 451 407
0 0.432401 202 88 292 323
1 0.291161 199 92 294 299
0 0.0821168 205 133 350 408
1 0.0555952 199 81 302 404
0 0.0516865 195 92 277 408
0 0.0503263 11 120 100 405
1 0.0229616 196 138 261 408
0 0.0149644 328 155 521 408
1 0.0136129 328 155 521 408
1 0.00841252 294 135 452 408
0 0.00649113 189 87 422 368
1 0.0050975 203 123 404 408
0 0.00499353 336 126 462 403
0 0.00232681 425 191 533 408
0 0.00189159 0 116 54 389
0 0.00118184 170 91 289 272
0 0.00117568 0 100 31 399
