1 0.511702 66 198 249 373
0 0.439779 77 195 250 373
0 0.123861 230 195 244 211
1 0.0544494 188 240 258 311
1 0.051372 151 204 254 376
1 0.0288742 104 195 253 326
0 0.0284772 94 192 233 325
1 0.017444 139 202 258 306
1 0.0136487 206 237 268 304
1 0.0131429 67 259 224 374
0 0.0102921 202 241 264 301
0 0.00984135 346 169 367 213
1 0.00910732 230 194 243 211
1 0.00746994 125 199 228 373
0 0.00657501 123 194 229 295
0 0.00539015 135 200 259 307
0 0.00469334 182 236 257 315
0 0.00427392 517 312 568 328
0 0.00311983 151 204 254 376
1 0.00246482 89 198 198 372
0 0.00238244 112 195 208 374
0 0.00179775 229 188 242 208
0 0.00171644 347 156 371 203
1 0.00169913 94 354 110 374
1 0.00145736 78 186 224 307
1 0.0011669 103 245 251 386
