1 0.910475 0 131 154 270
1 0.872053 545 205 612 402
1 0.859427 72 173 228 405
1 0.812055 190 34 374 407
0 0.520759 309 19 505 408
1 0.395529 346 106 505 408
1 0.353774 152 150 232 401
1 0.0770353 218 21 440 408
0 0.0582276 222 24 435 408
1 0.0546041 0 163 117 284
0 0.0524899 545 208 611 401
1 0.0440991 142 167 278 407
0 0.0346434 349 118 527 402
1 0.0278439 138 60 234 343
1 0.0236658 78 71 234 344
1 0.0232493 171 114 333 405
0 0.0210621 152 161 235 392
0 0.0170376 191 76 377 402
1 0.0157967 145 121 221 303
1 0.00878546 247 25 383 287
1 0.00860294 311 14 486 404
1 0.00799374 30 171 186 398
1 0.00677478 188 159 289 407
1 0.00527549 35 96 203 318
1 0.00507713 68 120 204 370
0 0.00455495 54 408 75 408
1 0.00438802 38 135 152 220
0 0.00438681 142 167 278 407
0 0.00373644 282 36 417 407
0 0.0035945 247 25 383 287
0 0.00342924 177 142 304 403
0 0.00322537 40 408 69 408
1 0.00319757 2 131 169 341
0 0.00303257 76 170 239 407
1 0.00302574 282 36 417 407
1 0.00254443 225 39 307 200
1 0.00208058 583 208 612 408
1 0.00199526 204 151 365 404
1 0.00174928 113 133 215 326
1 0.00172174 56 132 165 288
1 0.00159681 189 40 328 339
1 0.00157082 1 176 68 363
0 0.00151378 63 408 98 408
0 0.00150602 223 40 310 201
1 0.00140339 0 178 102 319
1 0.00131459 118 58 244 265
1 0.00131066 207 37 306 271
0 0.00130809 20 408 50 408
1 0.00121213 82 159 179 366
1 0.00115449 15 179 123 262
