1 0.938277 258 184 371 334
1 0.617628 0 182 103 338
1 0.415075 598 236 612 311
0 0.120531 0 183 108 338
1 0.0347766 4 179 181 337
0 0.0255907 598 236 612 311
0 0.0124858 257 183 371 334
1 0.00887035 599 245 612 293
1 0.00865239 598 187 611 309
0 0.00808864 0 132 82 335
0 0.00545198 598 187 611 309
1 0.0043482 598 238 611 359
0 0.00422713 0 118 173 345
1 0.00394335 0 88 81 333
1 0.00325986 588 235 612 306
1 0.00312751 0 123 136 343
0 0.00242581 258 215 302 322
0 0.00200321 598 238 611 359
1 0.00147157 0 190 62 342
0 0.00134005 0 180 201 334
1 0.00122963 0 176 290 336
1 0.00118122 597 141 612 317
0 0.00110626 597 141 612 317
1 0.00102047 19 3 221 84
