0 0.938926 59 68 157 285
1 0.928857 331 29 522 215
0 0.924137 196 43 315 288
0 0.918724 139 47 241 290
0 0.738938 283 63 394 211
0 0.0333398 142 40 246 201
0 0.0323638 331 36 499 217
1 0.0173623 59 68 157 285
0 0.0167621 201 46 354 240
0 0.0166542 232 64 397 253
1 0.00645887 283 64 394 212
0 0.00351263 306 53 437 216
0 0.00348202 139 153 230 297
0 0.00337084 243 64 322 256
0 0.00272258 147 41 293 265
1 0.00226861 366 34 472 210
1 0.0014279 192 44 334 268
0 0.00136778 0 18 13 316
0 0.00134004 184 67 279 288
1 0.00130623 0 3 14 296
1 0.0012853 138 47 239 288
1 0.00110091 413 27 517 223
