1 0.870094 289 116 430 406
0 0.0542486 417 39 587 162
1 0.0260701 289 115 407 321
0 0.0195044 289 117 417 405
0 0.0156909 350 41 591 225
1 0.00718062 480 259 610 407
1 0.00450172 298 37 321 63
1 0.00411706 292 99 472 334
0 0.00349502 468 39 568 160
1 0.00237362 490 260 607 340
1 0.00198097 265 34 285 68
1 0.00148123 469 267 558 407
0 0.00147022 306 33 606 398
1 0.00140423 465 252 612 359
1 0.0013444 299 264 566 408
0 0.00126928 0 191 97 397
1 0.00110713 203 135 222 150
1 0.00101218 386 262 612 408
