0 0.935358 290 78 358 221
1 0.925791 248 166 319 285
0 0.022887 250 166 320 285
1 0.0102827 290 77 359 222
1 0.00866228 157 11 190 47
1 0.00561373 49 61 79 97
1 0.00320758 122 40 134 65
0 0.00302956 65 16 112 68
0 0.00244565 157 10 194 48
0 0.00217567 451 45 524 102
0 0.00182528 144 371 177 371
0 0.00154724 100 371 128 371
0 0.00144419 160 371 192 371
1 0.00128863 372 14 398 52
0 0.00127511 114 371 144 371
0 0.00119538 129 371 159 371
1 0.00119178 51 58 92 100
0 0.00118355 178 371 211 371
0 0.0011637 36 371 65 371
0 0.00106308 0 2 16 257
