1 0.879825 8 123 110 225
1 0.784443 227 142 338 271
1 0.118431 295 122 336 184
1 0.110971 222 133 438 289
0 0.0216731 439 2 612 270
0 0.0200943 8 124 109 226
1 0.00948349 261 119 338 194
1 0.00930701 0 115 109 405
1 0.00772527 439 2 612 270
1 0.00464303 225 134 505 346
0 0.00378504 438 1 612 168
1 0.00371737 8 122 219 225
1 0.0027218 217 109 556 300
1 0.00166273 232 119 345 226
1 0.00161293 287 121 347 193
1 0.00138505 346 189 496 408
1 0.00122557 408 46 427 74
1 0.00120085 231 123 412 243
1 0.00119569 468 196 522 254
0 0.00104843 226 142 338 270
1 0.00104797 1 131 23 224
