1 0.968176 236 87 392 291
1 0.837542 23 0 190 403
1 0.730751 414 0 602 415
1 0.150041 0 182 44 372
1 0.0360343 0 136 39 326
1 0.0300856 0 65 39 375
1 0.029256 0 189 40 291
0 0.0256026 25 1 188 397
0 0.0210218 418 72 602 443
0 0.0162353 0 182 44 372
1 0.0104744 0 11 72 381
1 0.0102773 420 107 584 443
1 0.0088253 0 226 42 328
1 0.00730001 11 29 141 398
0 0.00446612 0 96 39 356
1 0.00427262 0 1 27 363
0 0.00393352 0 189 40 291
1 0.00383452 414 8 603 257
0 0.0032093 0 4 51 386
0 0.00283769 235 87 391 291
1 0.00253051 350 34 594 443
1 0.00220353 38 129 186 396
1 0.00201819 0 0 48 353
0 0.00196776 0 17 105 378
0 0.0019657 0 37 23 123
0 0.00170311 356 2 470 98
0 0.0016554 415 0 602 350
1 0.00140673 47 0 228 328
0 0.00126412 12 309 189 444
1 0.00113408 0 184 28 274
