0 0.54723 178 61 268 201
1 0.545978 25 136 266 226
0 0.521224 252 47 612 265
1 0.211317 251 46 612 264
0 0.112526 346 11 412 188
0 0.0784675 262 19 414 210
0 0.0634357 25 65 316 222
0 0.0451724 283 16 524 239
0 0.0277425 241 81 384 249
0 0.0194997 24 131 266 218
1 0.015446 24 64 273 221
1 0.010302 221 80 380 195
1 0.0102683 23 129 255 282
1 0.0067103 179 60 269 207
0 0.00661005 167 67 319 215
0 0.00607694 221 80 380 195
1 0.00601904 272 111 612 287
1 0.0048826 228 29 397 208
0 0.00433369 253 68 496 251
0 0.00268706 122 59 273 207
1 0.00247405 20 93 374 259
1 0.00223551 346 11 412 188
0 0.00220836 257 87 405 297
0 0.00209336 174 27 405 192
0 0.00196951 318 14 410 213
1 0.00190091 184 63 328 227
1 0.00175663 241 81 384 249
1 0.00171739 27 121 340 366
0 0.00141435 255 85 348 274
0 0.00139159 199 78 369 275
1 0.00123261 263 54 412 223
0 0.00117365 327 12 454 191
1 0.00110775 28 148 200 395
