1 0.88148 265 161 346 319
0 0.850003 375 73 563 329
0 0.825329 254 37 403 318
0 0.687274 170 94 302 348
1 0.644417 383 172 543 344
1 0.229665 168 94 300 346
1 0.131182 362 171 488 341
1 0.0193003 132 100 264 343
0 0.0170616 335 78 503 328
0 0.0146667 173 58 403 327
0 0.0126937 252 41 562 324
0 0.0123264 364 169 531 341
0 0.0119809 323 68 422 337
1 0.0108161 239 51 402 319
0 0.00991258 265 164 344 316
1 0.00981524 383 77 550 354
0 0.00936115 130 87 260 335
1 0.00753043 218 138 351 319
1 0.00536433 130 88 218 332
0 0.00417397 240 90 356 336
1 0.00335477 168 93 275 282
0 0.00291169 421 116 566 345
0 0.00238115 335 167 488 327
1 0.00207817 263 139 392 325
0 0.00190726 278 101 409 336
0 0.00188365 214 109 307 319
1 0.00145695 333 110 503 349
0 0.00117598 273 156 452 336
0 0.00110391 337 153 417 328
0 0.00107959 375 121 544 284
0 0.00105866 239 111 400 267
0 0.0010408 294 53 442 308
0 0.00103584 166 84 276 292
