1 0.852984 207 73 304 192
0 0.761666 161 102 238 207
0 0.64527 476 56 524 142
0 0.057353 157 108 240 267
0 0.0303642 463 54 516 133
0 0.0258006 476 54 515 113
0 0.0191689 495 54 533 144
0 0.0174117 195 79 304 206
0 0.00485674 156 98 280 208
0 0.00471964 482 53 530 113
0 0.00460554 445 53 539 147
1 0.00426971 161 102 238 206
0 0.00312327 479 56 510 100
0 0.00243899 501 61 541 135
0 0.00242637 583 132 612 188
0 0.00232904 485 58 537 169
0 0.00179465 464 54 561 158
1 0.00170776 476 55 523 141
0 0.00168957 189 109 240 208
1 0.00117675 157 108 240 267
1 0.00113313 209 70 260 181
0 0.00107635 480 74 513 119
