1 0.962888 155 109 298 254
0 0.892562 246 157 307 303
0 0.860009 401 181 452 294
0 0.526347 428 194 485 288
1 0.283081 429 195 485 288
1 0.166961 401 182 452 293
0 0.0156853 403 194 474 295
0 0.0129608 203 144 319 304
0 0.0105396 263 158 307 265
0 0.00762517 156 111 303 263
1 0.00630561 241 158 304 295
0 0.00321374 444 194 487 274
1 0.00204293 153 73 166 95
0 0.00198608 255 205 311 305
1 0.0015699 393 191 493 294
0 0.00154499 373 180 465 298
1 0.00150333 447 195 490 282
1 0.00106376 157 9 174 45
1 0.00105814 124 37 142 67
