0 0.885819 196 104 353 233
1 0.872431 1 319 86 392
0 0.857198 356 99 460 313
1 0.718235 130 330 201 390
0 0.700399 143 57 305 187
0 0.389095 364 190 439 309
0 0.375693 131 331 201 390
1 0.317625 427 314 442 326
1 0.217994 361 195 435 310
1 0.198314 360 205 410 308
0 0.181196 199 103 304 192
0 0.112995 363 199 405 307
1 0.0646128 424 312 443 328
0 0.0502594 138 1 175 48
1 0.0469624 356 102 458 308
0 0.0420224 2 320 88 392
0 0.0379722 352 97 461 218
0 0.0326197 158 52 355 214
0 0.0135267 142 57 233 137
1 0.00535919 352 97 461 218
0 0.00403027 140 51 226 222
1 0.003932 496 144 509 160
0 0.00308274 420 55 469 88
0 0.00306695 138 50 285 241
1 0.002537 369 228 406 306
1 0.00187199 137 0 176 51
1 0.00150395 196 104 353 233
0 0.00146883 327 93 442 292
1 0.00142873 0 332 17 391
1 0.00139408 142 56 300 188
0 0.00127579 355 155 415 305
1 0.00125803 424 306 444 337
1 0.00109059 0 347 10 393
