0 0.70217 186 97 427 388
0 0.578195 384 76 604 408
0 0.327299 153 115 352 383
0 0.069815 212 115 330 328
0 0.0450788 235 79 570 408
0 0.0321729 342 78 529 404
0 0.0271659 257 84 456 403
1 0.0226296 0 75 133 331
0 0.00708174 31 114 365 385
0 0.00675372 209 90 396 326
0 0.00265087 279 91 416 352
0 0.00237976 380 68 491 379
1 0.00214237 0 0 135 118
1 0.00184169 31 78 136 263
1 0.00174262 0 39 23 356
0 0.00143444 103 189 391 401
1 0.00141401 5 79 181 382
1 0.00120063 0 50 119 260
1 0.0010661 559 37 581 70
0 0.00104472 78 83 358 323
