0 0.932162 240 126 324 217
0 0.920999 416 170 535 348
0 0.827074 346 130 420 221
0 0.7411 138 148 266 256
0 0.721724 306 210 415 429
0 0.712903 88 152 195 371
0 0.242703 346 129 461 340
0 0.202038 172 212 296 371
1 0.146383 137 150 265 255
0 0.134177 342 127 452 245
0 0.062835 88 150 255 284
0 0.0212866 348 129 427 283
0 0.0211169 312 203 451 373
1 0.0197968 306 212 417 414
0 0.018511 0 14 31 322
1 0.0127437 173 214 296 366
0 0.0102861 90 168 286 385
0 0.0101214 380 186 462 350
0 0.00708265 105 154 199 294
1 0.00693375 93 154 195 304
0 0.00674187 131 147 273 313
0 0.0041457 180 213 263 313
1 0.00398445 0 14 31 322
1 0.00348935 89 148 255 283
0 0.00299634 0 31 13 302
1 0.0027695 379 204 460 351
0 0.00270385 415 173 491 335
0 0.00263791 248 211 280 289
1 0.00238248 239 126 323 217
1 0.00235872 0 31 13 302
0 0.00224578 166 218 295 457
1 0.00216711 346 131 420 222
0 0.00209808 395 177 511 308
1 0.00175938 180 213 263 313
1 0.00151695 85 153 198 401
0 0.00148031 392 157 479 322
0 0.00137594 298 258 315 285
0 0.00135394 130 150 224 283
0 0.00131622 55 146 193 422
0 0.0012082 307 208 413 340
1 0.00107481 416 170 534 348
