1 0.731576 0 0 277 365
1 0.474234 363 9 612 397
0 0.0855569 120 1 349 86
1 0.0850639 416 18 612 264
0 0.0347903 410 5 612 401
0 0.0210233 413 0 612 190
0 0.0114897 123 1 230 71
1 0.0105132 330 31 612 286
1 0.009739 0 0 121 340
1 0.00817886 370 45 493 130
1 0.0071665 132 0 467 107
1 0.00651708 351 27 574 156
0 0.00597995 132 0 467 107
1 0.0049709 11 8 348 280
0 0.00398026 307 28 612 394
1 0.00334635 120 1 349 86
1 0.00307512 125 0 464 185
0 0.00277181 0 0 116 367
1 0.00255763 1 11 199 323
0 0.0023602 122 0 266 90
1 0.00207314 0 2 77 360
1 0.00192789 0 14 29 318
0 0.00126725 0 0 273 368
0 0.00126635 0 6 74 329
0 0.00113551 334 26 612 230
0 0.00112926 0 6 42 327
0 0.00109959 351 27 574 156
1 0.0010804 300 37 574 215
0 0.00106394 126 0 465 184
