1 0.826938 407 188 524 377
1 0.36184 405 190 471 354
0 0.168291 404 192 524 384
1 0.014633 528 128 543 140
1 0.0144266 84 85 103 114
1 0.00677732 233 294 254 306
0 0.00473184 0 203 39 402
1 0.0028248 275 312 297 326
1 0.00228541 86 80 109 113
0 0.00223173 406 190 470 355
1 0.00189523 266 306 298 326
1 0.00184558 229 295 256 309
1 0.00151482 587 126 607 150
1 0.00131435 38 107 52 121
1 0.00128789 247 303 291 325
0 0.00126002 528 128 543 140
0 0.00119579 86 80 109 113
1 0.00107294 587 126 611 162
