0 0.761373 223 497 406 611
1 0.689822 47 86 255 409
1 0.11363 32 181 244 577
0 0.0419554 53 242 395 612
0 0.0237786 26 247 252 612
1 0.0221453 33 132 204 379
0 0.0194407 44 110 251 446
1 0.0155642 43 199 191 364
1 0.00901345 54 219 155 340
0 0.00852335 218 396 405 605
0 0.00705715 90 260 295 612
1 0.00664125 14 124 211 483
1 0.00596648 30 218 175 571
1 0.00541579 68 265 261 612
1 0.00528797 29 188 340 611
1 0.00452448 29 158 158 443
1 0.00440761 44 193 261 339
0 0.00314648 168 275 348 611
0 0.00280275 43 199 191 364
1 0.00253105 70 239 130 309
0 0.00244103 32 152 179 448
1 0.00224449 36 301 209 606
0 0.00221096 88 492 405 612
1 0.00197474 28 263 109 582
1 0.00154636 0 101 40 429
1 0.0013903 227 496 401 612
0 0.00111922 48 190 238 525
1 0.00111034 32 186 159 327
1 0.00106382 0 103 56 506
