1 0.966205 471 0 612 242
1 0.915649 409 55 483 217
1 0.715336 211 131 351 256
0 0.547445 0 170 234 385
0 0.43215 9 186 363 388
1 0.208078 0 171 175 387
1 0.128855 206 131 386 294
0 0.105787 210 131 353 259
0 0.0453023 80 233 398 394
1 0.0294824 120 236 409 393
1 0.0279663 135 129 393 343
1 0.0262628 9 216 387 394
0 0.0257051 136 128 392 344
0 0.0037364 143 127 340 260
0 0.00351157 409 55 484 217
0 0.00257375 0 168 155 356
1 0.00218496 0 163 150 327
0 0.00204463 471 0 611 240
1 0.00147742 143 127 340 260
1 0.00122429 264 150 352 234
0 0.00118934 0 108 383 361
1 0.00113459 427 17 573 234
